%YAML:1.0
---
unwrappedResolution: [1280, 400]
centre: [0.506944, 0.510417]
inner: 0
outer: 0.541667
offsetDegrees: 0
flip: false
