%YAML:1.0
---
unwrapper:
   centre: [ 4.9583333333333335e-01, 5.0000000000000000e-01 ]
   inner: 2.2569444444444445e-01
   outer: 4.3576388888888890e-01
   offsetDegrees: 0
   flip: 0
