%YAML:1.0
---
unwrapper:
    centre: [0.506944, 0.510417]
    inner: 0
    outer: 0.49
    offsetDegrees: 0
    flip: 0

