%YAML:1.0
---
metadata:
   time: "2019-03-05 17:41:16"
objects:
   -
      - [ -7.2409077870152160e+01, 7.2017601883088375e+01 ]
      - [ 1.0943481067173688e+02, 7.0762325671772487e+01 ]
      - [ 1.0653265283229555e+02, -4.5790580708887830e+01 ]
      - [ -7.4368306564574368e+01, -4.0485809760906591e+01 ]
