%YAML:1.0
---
metadata:
   time: "2019-03-07 16:04:29"
objects:
   -
      - [ -1.1122555640218343e+03, -3.1528516135866619e+02 ]
      - [ -7.4485322735054012e+02, -3.3386823944099029e+02 ]
      - [ -7.5712623687082692e+02, -5.8316782737406868e+02 ]
      - [ -1.1198881076118412e+03, -5.6596571668443914e+02 ]
