%YAML:1.0
---
objects:
   -
      - [ -600, -600 ]
      - [ -500, -600 ]
      - [ -500, -500 ]
      - [ -600, -500 ]
   -
      - [ 600, 600 ]
      - [ 500, 600 ]
      - [ 500, 500 ]
      - [ 600, 500 ]
   -
      - [ -600, 600 ]
      - [ -500, 600 ]
      - [ -500, 500 ]
      - [ -600, 500 ]
   -
      - [ 600, -600 ]
      - [ 500, -600 ]
      - [ 500, -500 ]
      - [ 600, -500 ]
