%YAML:1.0
---
config:
   rewardTimeMs: 20.
   presentDurationMs: 20.
   pn:
      inputCurrentScale: 1.
      vThresh: -50.
      cm: 1.
      tauM: 2.0152000427246094e+01
   ggnToKC:
      weight: -4
      vMid: -54.1
      vSlope: 1.
      vThresh: -60.
   kcToGGC:
      weight: 0.015
   pnToKC:
      weight: 2.4300000071525574e-01
      tauSyn: 3.
   kcToEN:
      dopamineStrength: 2.8999999165534973e-02
