%YAML:1.0
---
metadata:
   time: "2019-03-22 17:39:25"
objects:
   -
      - [ -1.6021787703714795e+03, 1.4286740678806707e+03 ]
      - [ 7.6363717189147178e+02, 1.4335196985865650e+03 ]
      - [ 5.0889449988692394e+02, -2.2342184725186485e+03 ]
      - [ -1.5511572121991539e+03, -2.1714784233777873e+03 ]
