%YAML:1.0
---
objects:
   -
      - [ -400, -400 ]
      - [ -400, -300 ]
      - [ -300, -300 ]
      - [ -300, -400 ]
