%YAML:1.0
---
objects:
   -
      - [ -50, -50 ]
      - [ 50, -50 ]
      - [ 50, 50 ]
      - [ -50, 50 ]
