%YAML:1.0
---
metadata:
   time: "2019-02-05 17:08:52"
objects:
   -
      - [ 4.8299700233639061e+02, -8.5584729285868843e+02 ]
      - [ 4.9646630487584105e+01, -2.5133562489061092e+02 ]
      - [ -1.2928736120683022e+03, -3.3963308643782744e+02 ]
      - [ -1.1108055978249301e+03, -1.4738898525938184e+03 ]
      - [ -1.5138291108809276e+03, -1.5022717085394265e+03 ]
      - [ -1.4214679810221642e+03, -1.9645466029117374e+03 ]
