%YAML:1.0
---
unwrapper:
    centre: [0.5, 0.524414]
    inner: 0.0244141
    outer: 0.5
    offsetDegrees: 0
    flip: 0
