%YAML:1.0
---
unwrapper:
    centre: [0.454861, 0.204861]
    inner: 0.0868056
    outer: 0.190972
    offsetDegrees: 0
    flip: 0
