%YAML:1.0
---
config:
    start: [1000, 600, 400]
    end: [200, 600, 400]
    velocity: [100, 100, 100]
