Webots Project File version R2022a
perspectives: 000000ff00000000fd00000002000000010000011c000003f1fc0200000001fb0000001400540065007800740045006400690074006f00720100000016000003f10000003f00ffffff0000000300000738000000d9fc0100000001fb0000001a0043006f006e0073006f006c00650041006c006c0041006c006c01000000000000073800000000000000000000061a000003f100000001000000020000000100000008fc00000000
simulationViewPerspectives: 000000ff0000000100000002000001000000051a0100000002010000000100
sceneTreePerspectives: 000000ff0000000100000002000000c0000000fa0100000002010000000200
maximizedDockId: -1
centralWidgetVisible: 1
orthographicViewHeight: 1
textFiles: -1
renderingDevicePerspectives: RC_CAR:CAM;1;1;0;0
renderingDevicePerspectives: RC_CAR:display;1;0.53875;0.401074;0
