Webots Project File version R2022b
perspectives: 000000ff00000000fd000000020000000100000381000003ccfc0200000001fb0000001400540065007800740045006400690074006f00720000000016000003cc0000008900ffffff0000000300000738000000d9fc0100000001fb0000001a0043006f006e0073006f006c00650041006c006c0041006c006c0100000000000007380000000000000000000003c0000003cc00000001000000020000000100000008fc00000000
simulationViewPerspectives: 000000ff0000000100000002000000000000039a0100000002010000000100
sceneTreePerspectives: 000000ff00000001000000030000001c000000c0000000fa0100000002010000000200
maximizedDockId: -1
centralWidgetVisible: 1
orthographicViewHeight: 1
textFiles: -1
renderingDevicePerspectives: RC_CAR:CAM;1;0.575;0;0.00328948
renderingDevicePerspectives: RC_CAR:display;1;0.468231;0.319859;0
