Webots Project File version R2022b
perspectives: 000000ff00000000fd00000002000000010000011c000002fffc0200000001fb0000001400540065007800740045006400690074006f00720000000016000002ff0000003f00ffffff000000030000078000000174fc0100000001fb0000001a0043006f006e0073006f006c00650041006c006c0041006c006c010000000000000780000000000000000000000780000003cc00000001000000020000000100000008fc00000000
simulationViewPerspectives: 000000ff0000000100000002000000000000077e0100000002010000000100
sceneTreePerspectives: 000000ff00000001000000030000001c000000c0000000fa0100000002010000000200
minimizedPerspectives: 000000ff00000000fd00000002000000010000011c000002fffc0200000001fb0000001400540065007800740045006400690074006f00720000000016000002ff0000003f00ffffff000000030000078000000174fc0100000001fb0000001a0043006f006e0073006f006c00650041006c006c0041006c006c0100000000000007800000006900ffffff000007800000025600000001000000020000000100000008fc00000000
maximizedDockId: -1
centralWidgetVisible: 1
orthographicViewHeight: 1
textFiles: -1
renderingDevicePerspectives: RC_CAR:ACCUM_MAT;1;0.90625;0;0
renderingDevicePerspectives: RC_CAR:CAM;1;0.63644;0.701145;0.00848657
renderingDevicePerspectives: RC_CAR:DIST_MAT;1;0.992188;0;0.177494
renderingDevicePerspectives: RC_CAR:display;1;0.333333;0.868831;0.169731
