%YAML:1.0
---
objects:
   -
      - [ 700, 0 ]
      - [ 700, 200 ]
      - [ 900, 200 ]
   -
      - [ -700, 0 ]
      - [ -700, 200 ]
      - [ -900, 200 ]
